1 53.763029 -2.4871223
2 53.757484 -2.3829953
3 53.778411 -2.3851435
4 53.745152 -2.4102823
5 53.745928 -2.4095469
6 53.763847 -2.3687938
7 53.754949 -2.3599952
8 53.744693 -2.3603169
9 53.847133 -2.2170283
10 53.832329 -2.2121199
11 53.79317 -2.2260395
12 53.849258 -2.1818809
13 53.683481 -2.6587478
14 53.680256 -2.6617103
15 53.682513 -2.6582331
16 53.830698 -2.2042717
17 53.652258 -2.6282284
18 53.829102 -2.1853486
19 53.646216 -2.632647
20 53.641707 -2.6296598
21 53.603959 -2.4095919
22 53.627285 -2.3371637
23 53.592188 -2.2563887
24 53.6253 -2.3269571
25 53.599154 -2.3395385
26 53.593307 -2.4123745
27 53.581412 -2.2386517
28 53.585816 -2.666276
29 53.560562 -2.5247533
30 53.635223 -2.6386827
31 53.583953 -2.4010905
32 53.629146 -2.4194832
33 53.588761 -2.5343935
34 53.608391 -2.7016506
35 53.643041 -2.7197725
36 53.610951 -2.314966
37 53.604811 -2.4330246
38 53.570714 -2.6919662
39 53.589937 -2.6622467
40 53.595436 -2.3153944
41 53.605569 -2.2964582
42 53.556252 -2.5176052
43 53.578993 -2.3976755
44 53.601559 -2.2622936
45 53.548126 -2.5114841
46 53.550146 -2.5078107
47 53.605473 -2.4287695
48 53.594124 -2.4523299
49 53.568452 -2.58152
50 53.922264 -2.1832948
51 53.598403 -2.5567576
52 53.615695 -2.59263
53 53.606573 -2.2136757
54 53.591113 -2.2134314
55 53.59661 -2.4390449
56 53.570862 -2.3012587
57 53.588578 -2.4547935
58 53.574738 -2.5937181
59 53.603732 -2.4256388
60 53.5861 -2.3210198
61 53.528488 -2.1943198
62 53.533563 -2.4704071
63 53.60452 -2.4238937
64 53.577578 -2.6540791
65 53.545215 -2.531762
66 53.562035 -2.5977674
67 53.590896 -2.204109
68 53.59164 -2.2051097
69 53.563366 -2.4996653
70 53.58243 -2.4524014
71 53.600314 -2.5437722
72 53.532774 -2.1516741
73 53.594457 -2.2032499
74 53.53254 -2.4266742
75 53.568308 -2.4431304
76 53.534958 -2.5197744
77 53.526963 -2.1554245
78 53.535558 -2.1469918
79 53.526938 -2.4144897
80 53.539654 -2.1485602
81 53.559712 -2.1955198
82 53.540347 -2.5350357
83 53.530576 -2.1486792
84 53.484837 -2.6336327
85 53.600777 -2.1795862
86 53.521795 -2.2234293
87 53.548278 -2.4115742
88 53.508023 -2.3602351
89 53.716841 -2.0808014
90 53.490589 -2.6715343
91 53.510231 -2.3429131
92 53.50852 -2.3501067
93 53.570233 -2.3477929
94 53.524039 -2.1826398
95 53.511109 -2.1394278
96 53.529543 -2.4124031
97 53.538789 -2.3808363
98 53.507362 -2.3339338
99 53.527534 -2.1949339
100 53.543189 -2.1797193