1 53.763029 -2.4871223
2 53.757484 -2.3829953
3 53.778411 -2.3851435
4 53.745152 -2.4102823
5 53.745928 -2.4095469
6 53.763847 -2.3687938
7 53.754949 -2.3599952
8 53.744693 -2.3603169
9 53.847133 -2.2170283
10 53.832329 -2.2121199
11 53.79317 -2.2260395
12 53.849258 -2.1818809
13 53.683481 -2.6587478
14 53.680256 -2.6617103
15 53.682513 -2.6582331
16 53.830698 -2.2042717
17 53.652258 -2.6282284
18 53.829102 -2.1853486
19 53.646216 -2.632647
20 53.641707 -2.6296598
21 53.603959 -2.4095919
22 53.627285 -2.3371637
23 53.592188 -2.2563887
24 53.6253 -2.3269571
25 53.599154 -2.3395385
26 53.593307 -2.4123745
27 53.581412 -2.2386517
28 53.585816 -2.666276
29 53.560562 -2.5247533
30 53.635223 -2.6386827
31 53.583953 -2.4010905
32 53.629146 -2.4194832
33 53.588761 -2.5343935
34 53.608391 -2.7016506
35 53.643041 -2.7197725
36 53.610951 -2.314966
37 53.604811 -2.4330246
38 53.570714 -2.6919662
39 53.589937 -2.6622467
40 53.595436 -2.3153944
41 53.605569 -2.2964582
42 53.556252 -2.5176052
43 53.578993 -2.3976755
44 53.601559 -2.2622936
45 53.548126 -2.5114841
46 53.550146 -2.5078107
47 53.605473 -2.4287695
48 53.594124 -2.4523299
49 53.568452 -2.58152
50 53.922264 -2.1832948
51 53.598403 -2.5567576
52 53.615695 -2.59263
53 53.606573 -2.2136757
54 53.591113 -2.2134314
55 53.59661 -2.4390449
56 53.570862 -2.3012587
57 53.588578 -2.4547935
58 53.574738 -2.5937181
59 53.603732 -2.4256388
60 53.5861 -2.3210198