1 53.763029 -2.4871223
2 53.757484 -2.3829953
3 53.778411 -2.3851435
4 53.745152 -2.4102823
5 53.745928 -2.4095469
6 53.763847 -2.3687938
7 53.754949 -2.3599952
8 53.744693 -2.3603169
9 53.847133 -2.2170283
10 53.832329 -2.2121199
11 53.79317 -2.2260395
12 53.849258 -2.1818809
13 53.683481 -2.6587478
14 53.680256 -2.6617103
15 53.682513 -2.6582331
16 53.830698 -2.2042717
17 53.652258 -2.6282284
18 53.829102 -2.1853486
19 53.646216 -2.632647
20 53.641707 -2.6296598
21 53.603959 -2.4095919
22 53.627285 -2.3371637
23 53.592188 -2.2563887
24 53.6253 -2.3269571
25 53.599154 -2.3395385
26 53.593307 -2.4123745
27 53.581412 -2.2386517
28 53.585816 -2.666276
29 53.560562 -2.5247533
30 53.635223 -2.6386827
31 53.583953 -2.4010905
32 53.629146 -2.4194832
33 53.588761 -2.5343935
34 53.608391 -2.7016506
35 53.643041 -2.7197725
36 53.610951 -2.314966
37 53.604811 -2.4330246
38 53.570714 -2.6919662
39 53.589937 -2.6622467
40 53.595436 -2.3153944
41 53.605569 -2.2964582
42 53.556252 -2.5176052
43 53.578993 -2.3976755
44 53.601559 -2.2622936
45 53.548126 -2.5114841
46 53.550146 -2.5078107
47 53.605473 -2.4287695
48 53.594124 -2.4523299
49 53.568452 -2.58152
50 53.922264 -2.1832948
51 53.598403 -2.5567576
52 53.615695 -2.59263
53 53.606573 -2.2136757
54 53.591113 -2.2134314
55 53.59661 -2.4390449
56 53.570862 -2.3012587
57 53.588578 -2.4547935
58 53.574738 -2.5937181
59 53.603732 -2.4256388
60 53.5861 -2.3210198
61 53.528488 -2.1943198
62 53.533563 -2.4704071
63 53.60452 -2.4238937
64 53.577578 -2.6540791
65 53.545215 -2.531762
66 53.562035 -2.5977674
67 53.590896 -2.204109
68 53.59164 -2.2051097
69 53.563366 -2.4996653
70 53.58243 -2.4524014
71 53.600314 -2.5437722
72 53.532774 -2.1516741
73 53.594457 -2.2032499
74 53.53254 -2.4266742
75 53.568308 -2.4431304
76 53.534958 -2.5197744
77 53.526963 -2.1554245
78 53.535558 -2.1469918
79 53.526938 -2.4144897
80 53.539654 -2.1485602
81 53.559712 -2.1955198
82 53.540347 -2.5350357
83 53.530576 -2.1486792
84 53.484837 -2.6336327
85 53.600777 -2.1795862
86 53.521795 -2.2234293
87 53.548278 -2.4115742
88 53.508023 -2.3602351
89 53.716841 -2.0808014
90 53.490589 -2.6715343
91 53.510231 -2.3429131
92 53.50852 -2.3501067
93 53.570233 -2.3477929
94 53.524039 -2.1826398
95 53.511109 -2.1394278
96 53.529543 -2.4124031
97 53.538789 -2.3808363
98 53.507362 -2.3339338
99 53.527534 -2.1949339
100 53.543189 -2.1797193
101 53.55321 -2.6509559
102 53.563148 -2.4334744
103 53.476901 -2.3673691
104 53.518394 -2.3608208
105 53.581159 -2.1716942
106 53.559122 -2.6429853
107 53.504606 -2.2518339
108 53.543133 -2.1330292
109 53.511791 -2.2827138
110 53.537391 -2.1398915
111 53.551212 -2.6191835
112 53.503405 -2.3250829
113 53.533219 -2.116327
114 53.557011 -2.368667
115 53.510771 -2.1369989
116 53.529808 -2.5784257
117 53.613467 -2.1323588
118 53.549983 -2.6118001
119 53.542221 -2.631713
120 53.517332 -2.6760745
121 53.519644 -2.6613004
122 53.620928 -2.1476213
123 53.55857 -2.3337182
124 53.516531 -2.201142
125 53.526246 -2.5916969
126 53.492465 -2.3629217
127 53.498639 -2.2597429
128 53.498597 -2.2501551
129 53.627183 -2.1617354
130 53.561072 -2.1352142
131 53.524521 -2.5404022
132 53.515618 -2.5334572
133 53.500688 -2.1701624
134 53.508637 -2.5204323
135 53.496658 -2.1595341
136 53.571652 -2.1257045
137 53.625385 -2.1413622
138 53.536021 -2.6396929
139 53.457478 -2.1522787
140 53.516067 -2.193901
141 53.497504 -2.2610022
142 53.516181 -2.6633578
143 53.51459 -2.458419
144 53.484728 -2.346972
145 53.453135 -2.3587009
146 53.480796 -2.3483413
147 53.544951 -2.1042109
148 53.55604 -2.1755472
149 53.485367 -2.0809321
150 53.492992 -2.552391
151 53.661629 -2.1724604
152 53.545078 -2.1121039
153 53.490826 -2.243945
154 53.57669 -2.1298877
155 53.450987 -2.1385378
156 53.51633 -2.4686929
157 53.631158 -2.1391888
158 53.624747 -2.1330745
159 53.635583 -2.1285868
160 53.495577 -2.081841
161 53.446002 -2.3160171
162 53.449348 -2.1408813
163 53.460908 -2.3796415
164 53.496941 -2.5451162
165 53.454316 -2.3092571
166 53.481209 -2.1506158
167 53.496415 -2.4987116
168 53.458793 -2.0722969
169 53.493103 -2.553659
170 53.476942 -2.0713786
171 53.504312 -2.4640071
172 53.448132 -2.3227633
173 53.444823 -2.0755552
174 53.579282 -2.1086151
175 53.551508 -2.0986274
176 53.450233 -2.3270104
177 53.514257 -2.5597101
178 53.446646 -2.3304608
179 53.489638 -2.0632464
180 53.530129 -2.0936747
181 53.547883 -2.0773692
182 53.446782 -2.4136483
183 53.44816 -2.072339
184 53.420541 -2.3562295
185 53.418 -2.2960536
186 53.501945 -2.0598275
187 53.445389 -2.4162545
188 53.444312 -2.3861781
189 53.504465 -2.456998
190 53.515278 -2.5719692
191 53.525921 -2.0831667
192 53.404901 -2.1800376
193 53.533804 -2.0679593
194 53.431615 -2.1316716
195 53.405106 -2.2548704
196 53.545093 -2.069894
197 53.487382 -2.0421893
198 53.507638 -2.0960676
199 53.476278 -2.20511
200 53.461449 -1.9958495
201 53.402305 -2.1302123
202 53.428125 -2.1697967
203 53.489407 -2.0339624
204 53.414802 -2.199653
205 53.433158 -2.2717455
206 53.449237 -2.243345
207 53.44215 -2.2409408
208 53.412359 -2.2093902
209 53.418903 -2.1817219
210 53.387376 -2.1298058
211 53.513154 -2.0347053
212 53.512759 -2.0330764
213 53.390051 -2.1687127
214 53.438494 -2.2351547
215 53.406969 -2.361802
216 53.370193 -2.2143832
217 53.376861 -2.1646471
218 53.369104 -2.2563685
219 53.462556 -1.9570802
220 53.379263 -2.328796
221 53.442306 -1.9603974
222 53.377308 -2.1457388
223 53.379925 -2.3487646
224 53.295695 -2.3745132
225 53.337886 -2.2106017
226 53.313772 -2.255211
227 53.25527 -2.3027222