1 82.0 76.0 0
2 96.0 44.0 19.0
3 50.0 5.0 21.0
4 49.0 8.0 6.0
5 13.0 7.0 19.0
6 29.0 89.0 7.0
7 58.0 30.0 12.0
8 84.0 39.0 16.0
9 14.0 24.0 6.0
10 2.0 39.0 16.0
11 3.0 82.0 8.0
12 5.0 10.0 14.0
13 98.0 52.0 21.0
14 84.0 25.0 16.0
15 61.0 59.0 3.0
16 1.0 65.0 22.0
17 88.0 51.0 18.0
18 91.0 2.0 19.0
19 19.0 32.0 1.0
20 93.0 3.0 24.0
21 50.0 93.0 8.0
22 98.0 14.0 12.0
23 5.0 42.0 4.0
24 42.0 9.0 8.0
25 61.0 62.0 24.0
26 9.0 97.0 24.0
27 80.0 55.0 2.0
28 57.0 69.0 20.0
29 23.0 15.0 15.0
30 20.0 70.0 2.0
31 85.0 60.0 14.0
32 98.0 5.0 9.0