1 14.0 68.0 0
2 73.0 2.0 8.0
3 13.0 47.0 24.0
4 37.0 44.0 9.0
5 34.0 63.0 19.0
6 58.0 98.0 9.0
7 33.0 42.0 18.0
8 18.0 98.0 9.0
9 24.0 79.0 14.0
10 17.0 28.0 3.0
11 72.0 67.0 14.0
12 78.0 63.0 8.0
13 42.0 48.0 8.0
14 1.0 2.0 13.0
15 2.0 28.0 18.0
16 32.0 82.0 4.0
17 97.0 38.0 24.0
18 39.0 53.0 14.0
19 87.0 1.0 8.0
20 42.0 77.0 18.0
21 83.0 27.0 13.0
22 79.0 92.0 2.0
23 22.0 39.0 9.0
24 58.0 32.0 18.0
25 53.0 84.0 3.0
26 38.0 37.0 24.0
27 63.0 59.0 8.0
28 42.0 88.0 24.0
29 32.0 88.0 14.0
30 38.0 23.0 13.0
31 63.0 32.0 24.0
32 22.0 73.0 23.0
33 88.0 94.0 9.0
34 58.0 78.0 13.0
35 43.0 62.0 14.0
36 73.0 1.0 14.0
37 17.0 32.0 18.0
38 87.0 79.0 24.0
39 12.0 24.0 4.0
40 48.0 53.0 8.0
41 48.0 23.0 13.0
42 7.0 37.0 4.0
43 98.0 77.0 14.0
44 34.0 12.0 18.0