1 24.0 63.0 0
2 35.0 60.0 2.0
3 79.0 46.0 12.0
4 3.0 45.0 14.0
5 42.0 50.0 2.0
6 3.0 40.0 17.0
7 29.0 96.0 20.0
8 47.0 30.0 2.0
9 54.0 77.0 26.0
10 36.0 30.0 7.0
11 83.0 86.0 24.0
12 30.0 6.0 23.0
13 55.0 29.0 13.0
14 13.0 2.0 25.0
15 1.0 19.0 20.0
16 98.0 1.0 3.0
17 75.0 10.0 18.0
18 39.0 23.0 23.0
19 62.0 91.0 6.0
20 96.0 9.0 2.0
21 27.0 87.0 13.0
22 14.0 16.0 22.0
23 52.0 49.0 3.0
24 95.0 21.0 6.0
25 30.0 6.0 7.0
26 18.0 40.0 1.0
27 82.0 90.0 18.0
28 50.0 79.0 18.0
29 48.0 49.0 10.0
30 82.0 73.0 2.0
31 64.0 62.0 9.0
32 34.0 78.0 10.0
33 83.0 6.0 8.0
34 3.0 77.0 30.0
35 18.0 8.0 16.0
36 53.0 86.0 23.0
37 88.0 51.0 2.0
38 77.0 51.0 18.0
39 58.0 89.0 22.0
40 12.0 44.0 1.0
41 70.0 88.0 8.0
42 36.0 17.0 4.0
43 85.0 23.0 26.0
44 93.0 30.0 21.0
45 68.0 67.0 2.0
46 71.0 34.0 15.0
47 56.0 73.0 25.0
48 37.0 37.0 22.0
49 78.0 20.0 19.0
50 88.0 69.0 3.0
51 95.0 42.0 3.0
52 44.0 71.0 5.0
53 18.0 1.0 13.0