1 25.0 51.0 0
2 35.0 7.0 12.0
3 93.0 75.0 24.0
4 53.0 95.0 16.0
5 51.0 81.0 7.0
6 51.0 55.0 9.0
7 1.0 67.0 20.0
8 9.0 23.0 10.0
9 75.0 7.0 18.0
10 15.0 97.0 26.0
11 79.0 5.0 17.0
12 9.0 19.0 2.0
13 39.0 1.0 11.0
14 47.0 1.0 9.0
15 33.0 97.0 12.0
16 27.0 83.0 11.0
17 83.0 79.0 12.0
18 17.0 59.0 23.0
19 47.0 19.0 7.0
20 57.0 9.0 1.0
21 87.0 41.0 26.0
22 55.0 25.0 10.0
23 21.0 91.0 9.0
24 21.0 13.0 22.0
25 67.0 1.0 21.0
26 59.0 21.0 17.0
27 1.0 75.0 2.0
28 33.0 85.0 15.0
29 25.0 21.0 16.0
30 45.0 29.0 14.0
31 63.0 77.0 23.0
32 1.0 77.0 24.0
33 77.0 41.0 2.0
34 35.0 11.0 12.0
35 9.0 77.0 18.0
36 61.0 87.0 5.0
37 59.0 91.0 19.0
38 63.0 79.0 15.0
39 97.0 67.0 8.0
40 9.0 45.0 6.0
41 93.0 21.0 14.0
42 83.0 71.0 13.0
43 95.0 57.0 5.0
44 31.0 69.0 24.0
45 77.0 17.0 25.0
46 63.0 57.0 2.0
47 3.0 63.0 8.0
48 11.0 69.0 14.0
49 7.0 9.0 2.0
50 37.0 65.0 13.0
51 75.0 83.0 10.0
52 15.0 53.0 6.0
53 69.0 5.0 6.0
54 69.0 27.0 24.0
55 5.0 19.0 21.0
56 49.0 31.0 20.0
57 77.0 17.0 24.0
58 15.0 7.0 4.0
59 91.0 39.0 19.0
60 79.0 17.0 14.0
61 67.0 75.0 23.0
62 93.0 51.0 2.0
63 25.0 33.0 16.0
64 9.0 19.0 23.0
65 3.0 65.0 14.0